3.44394755 13.0279751 -7.26184511 2.06414723 -2.45758748
9.39589024 -6.95480919 -6.6026597 -4.95343304 -4.93283367
7.99875927 -1.81840193 5.29460955 3.14497757 1.07652915
5.81888294 7.15172577 -0.823602438 -0.686801672 -0.372375667
3.13825226 8.80337334 2.20207286 0.339517891 -3.54217911
7.84013891 17.3552895 -3.60852766 4.8965559 0.0923257172
4.4267211 -4.15089226 10.0145121 0.317458898 3.49791479
6.72204399 -18.4892502 -1.40479159 -4.92108822 2.86954713
3.25720978 -0.701051414 -15.5476475 3.4239831 -4.57908821
4.92409277 -1.81267238 12.9017363 -4.49235249 5.03870678
9.83724785 -1.82694316 -12.3740063 3.01396847 -4.7220397
1.08887339 0.841785133 -11.3899937 -4.16908407 -2.19399834
5.83789062 -0.958549917 -9.8875618 -4.21046448 -1.69684565
8.58271408 -12.0691738 0.99113965 -1.28505599 0.446834117
6.11739349 -17.0602341 0.677626252 -4.87414122 -0.772226274
3.25130939 -1.54325199 -1.80132461 -1.29349434 2.88164926
1.41947412 6.84638834 -14.2645245 2.13500309 -3.16354609
6.54253483 -4.11912489 -1.52872884 -3.01622844 3.30469894
8.46188164 -7.29952621 -3.76568961 -2.63269305 0.241762176
1.65509844 12.2095852 14.9430408 4.36253977 3.0795083
8.31028461 -0.488912106 -0.749354422 2.44234681 0.787148356
5.87102079 -9.2762804 -7.53903675 -1.77638197 -4.26182127
8.45402813 -12.4343386 -2.71847486 -4.14947462 3.38774109
5.72153282 -17.3268013 2.48136663 -3.63306427 4.53725147
9.48315525 7.04728079 -3.05344081 -0.390757293 2.48861265
6.15288019 -9.63160992 -5.373106 -1.18844604 2.15747833
3.77472734 6.60761213 -1.10397744 0.920001686 -2.12956905
8.33669472 8.47992706 10.574295 3.37389684 0.497673154
3.09637499 1.19557643 -6.5775156 -0.678252935 -4.30910015
5.2916894 -6.29580879 -0.956545234 0.300659955 -0.41665414
6.53206587 -9.3906641 -11.9855633 -0.835548699 -4.00936413
7.96436071 0.998162687 8.6299963 -4.33558846 2.34061885
4.63555574 11.9062185 7.74331665 3.32273388 0.230485156
1.93353021 -1.13266838 -8.82387733 3.95772505 -0.814972341
3.2195518 12.484374 -10.5632763 3.65289903 -0.563450575
9.38449001 -14.1374292 -0.887795866 -3.5566597 3.92205739
9.68547058 -8.82854843 -2.99425316 -2.97462249 -1.71163464
3.51950479 7.34512138 -10.9848976 1.61578691 -4.74707317
1.29937482 -7.76906109 -2.44457173 0.026123194 2.9413166
3.05537486 4.56421328 -18.5588036 -0.578714788 -4.6858716
7.32335758 -1.18218613 3.36004138 3.09001946 2.15759969
3.96191359 12.9323406 6.83983278 2.91840696 2.16350698
9.40630341 -4.83323526 12.487936 -2.38888741 1.63948226
4.10466766 -7.56207275 -0.669098377 -3.10621762 1.9328258
8.13891125 -4.82791424 -0.159480631 2.03701997 4.76890659
2.94244456 -6.83458042 -11.1574574 -2.71501088 -2.45487809
5.18293953 -2.5708034 -3.15342951 -1.5669409 -4.82702303
6.93912792 -12.9456568 -7.90219021 -2.69804382 -0.617389083
5.87847471 -2.44603157 5.77626896 -1.78235531 -1.28042078
3.84144187 8.43383312 -3.99176812 3.22042203 -3.04878259
7.73505306 -4.29675198 7.09264994 1.7158761 1.16071439
8.48626995 -4.90358305 -7.61404991 -4.50031328 -4.80639267
7.71510077 1.97818351 4.17786789 2.63505912 -0.304448009
8.28588867 5.51664734 14.9724884 4.75801754 3.36268497
2.71333957 -18.7370663 0.729972482 -4.91059732 0.748583138
1.05472445 12.8836632 -13.1866121 4.16563034 -3.79087138
7.14199066 12.0539083 3.75744867 2.35853648 -2.72042227
7.32654476 6.21035433 12.8831882 2.7552743 2.88403749
8.02212048 -0.920237541 13.1379471 0.386027694 2.83192372
6.82485962 -17.1065769 3.84737182 -4.29077578 1.07832897
7.49426699 -10.9842033 9.17107773 -4.62516069 1.21034884
5.23820019 -0.998229623 -4.24330473 2.16750932 -3.84543896
1.14951348 -6.70396042 -1.26889813 -1.60671079 4.022892
9.96003342 -17.9911633 -12.5087376 -4.16368628 -4.89141893
6.0905652 9.14644337 -6.62030458 1.13302171 -3.02416062
3.94578075 -0.957784951 -4.62289047 -2.71931863 -1.60794878
5.12566137 -6.82461786 -3.00387192 -4.01663351 -4.25447464
2.34700608 -7.19263744 11.8128834 0.288704157 1.63326669
2.00514507 6.98617029 -4.50511885 0.688803196 -0.323128223
2.07549119 11.1278114 -3.93502498 2.22057962 1.78074956
9.10379124 3.2244184 -0.969854116 0.142931089 2.38220406
7.95726824 -4.1289835 3.46371174 -3.30223417 -3.0785079
9.46009922 0.757213473 -14.6768112 -2.42901278 -4.84467983
8.62934494 -3.30152655 -7.70319033 -3.1497829 -1.30294311
2.56905699 11.5716772 -8.27526283 4.29693747 -3.30192327
4.83669281 -4.87662077 -10.4728088 -2.40876174 -1.38458359
4.84726334 5.27449846 -9.62111473 0.335754931 -1.07529938
8.28719997 9.15740871 -15.6910563 0.77558583 -4.02456379
6.16747665 5.67681837 -9.28358078 2.54339123 -1.24640536
5.71775389 0.0226551294 9.12461185 4.08626032 1.64253747
5.37131357 -10.3873148 9.76080322 -1.83385658 4.81372452
4.33135557 10.0775862 6.69508934 1.53196073 1.05387223
9.16649055 5.23384762 11.0985518 4.14952564 1.84533787
9.25870323 -0.982336581 -8.66283131 -0.853737175 -0.222514153
9.31872559 -2.82038975 -8.00169468 3.38337135 -3.13442135
4.20003033 -5.19588614 -5.21748829 1.8185966 -0.931013167
2.53506207 3.11254215 13.5841532 1.23008513 3.91674972
1.9066782 7.2468462 -6.39807463 3.26044297 0.75446856
4.95451069 -4.97389507 -0.257669628 0.463854432 -3.7649982
1.65818357 -2.4809041 1.20684958 -1.57597756 0.877423286
8.64936161 0.749549866 -14.7095947 0.147824287 -2.54800344
1.38557601 -7.52441645 -2.48139906 1.18610048 -3.95610237
3.0393219 3.99094081 -3.55546284 1.35829341 1.12949085
9.6038084 7.98125696 14.1458244 3.40823436 3.06170058
8.62870789 -4.47215414 -2.81735849 -2.13586402 -4.58257341
6.80895519 -0.769053578 7.48344231 2.67236042 2.49425244
2.97515917 -2.71924901 -0.0976496339 -2.60813689 2.67467952
8.49019337 -12.19104 3.28649926 -3.63169932 -1.43039787
1.28884447 8.99323177 -9.02355003 0.765472889 -0.925660193
8.41989708 -1.41118526 -0.249233603 -1.3251307 -2.96958947
