3.44394755 8.96339321 -2.34685659 1.97734892 -2.42936087
9.39589024 2.9396379 3.28744769 -4.94844103 -4.91120005
7.99875927 -7.89357948 3.1211853 3.01317096 1.04694903
5.81888294 8.49127769 -0.0797045231 -0.657360852 -0.364381671
3.13825226 8.4305191 9.0058527 0.0790637732 -3.32045484
7.84013891 7.53273964 -3.79331946 4.93845463 0.0813412666
4.4267211 -4.80597496 3.01019073 0.384911895 3.49885893
6.72204399 -8.68084812 -7.15046215 -4.82553244 2.85780954
3.25720978 -7.51231909 -6.37953472 3.34404755 -4.46262598
4.92409277 7.17204094 2.94044852 -4.48256159 4.9938221
9.83724785 -7.67462873 -3.04287958 2.91544795 -4.61215734
1.08887339 9.15073967 -6.95548439 -4.08291483 -2.23602104
5.83789062 6.68698072 -5.86742687 -3.39664984 -2.29190373
8.58271408 -9.50880241 0.110206604 -1.2778852 0.436086059
6.11739349 -7.37488317 2.23509073 -4.81994247 -0.774793625
3.25130939 0.919237137 -7.68195248 -1.27625525 3.17544174
1.41947412 2.57095098 -7.92221165 2.19484806 -3.18981028
6.54253483 1.97850704 -7.9944582 -3.1069603 3.17635727
8.46188164 -2.03750491 -4.16801977 -2.6716547 0.176318288
1.65509844 3.48321795 8.78402615 4.37396145 3.07497382
8.31028461 -5.68833733 -2.34291911 2.65831232 0.774977207
5.87102079 -5.76163816 0.976296663 -1.71435833 -4.28780079
8.45402813 -4.15313721 -9.52442646 -4.0994873 3.44060707
5.72153282 -9.86493492 -6.50073338 -4.08805466 4.3041687
9.48315525 7.84989834 -7.99963188 -0.320709646 2.35469818
6.15288019 -7.24112415 -9.6801281 -1.1736542 2.08907843
3.77472734 4.81234074 3.14169765 0.901294947 -2.11320877
8.33669472 1.6247499 9.60299015 3.52529955 0.506554842
3.09637499 2.53807068 1.93261743 -0.713921189 -4.12060308
5.2916894 -6.82345676 -0.32284081 0.122705698 -0.0267708302
6.53206587 -7.68587971 -3.92720175 -0.880943835 -4.06613064
7.96436071 9.66780663 3.95577192 -4.32043314 2.32411098
4.63555574 5.2795496 7.24124908 3.29368401 0.265985727
1.93353021 -8.95598316 -7.08305073 3.71868896 -1.03001237
3.2195518 5.1150918 -9.70888424 3.69522285 -0.314186513
9.38449001 -7.03257465 -8.71472263 -3.49994397 3.84351683
9.68547058 -2.82948542 0.442390442 -2.99973941 -1.7257061
3.51950479 4.09186602 -1.46859646 1.60519242 -4.80601215
1.29937482 -7.82318878 -8.38014603 -0.0547155738 3.31141591
3.05537486 5.72624922 -9.18073368 -0.593540072 -4.71122408
7.32335758 -7.36178446 -0.958893299 3.13175678 2.01773405
3.96191359 6.9977355 2.5236702 2.97539997 2.09123325
9.40630341 0.0542092323 9.19162369 -2.57046986 1.68027997
4.10466766 -1.33810043 -4.56424665 -3.00615215 1.96967721
8.13891125 -8.91702652 -9.69608498 2.03812718 4.7169857
2.94244456 -1.34809136 -6.19954729 -2.76584411 -2.49154711
5.18293953 0.780001879 6.47037983 -1.726794 -4.75573111
6.93912792 -7.47374392 -6.7075038 -2.83416843 -0.525506437
5.87847471 1.02086425 8.51977444 -1.86347508 -1.28773749
3.84144187 1.91868663 2.0628345 3.25523257 -2.98810697
7.73505306 -7.74044895 4.76428509 1.73549533 1.16960406
8.48626995 4.11686039 1.97914362 -4.48192549 -4.88361406
7.71510077 -3.27961326 4.76726294 2.60911822 -0.282012224
8.28588867 -4.09300852 8.19350433 4.88924885 3.46071911
2.71333957 -8.83785725 -0.761966705 -4.96810865 0.720834136
1.05472445 4.7945118 -4.85251188 3.97092628 -4.37046623
7.14199066 7.34529257 9.18120956 2.34697223 -2.66852283
7.32654476 0.734337568 7.15261698 2.72162628 2.82526922
8.02212048 -1.69132531 7.43563652 0.40294826 2.89392352
6.82485962 -8.50211525 1.66071415 -4.34851885 1.11225843
7.49426699 -1.40370846 5.71575069 -4.85420084 1.79165781
5.23820019 -5.20851803 3.36333632 2.0799768 -3.74343443
1.14951348 -3.43874502 -9.70954132 -1.56418467 4.29663563
9.96003342 -9.73812008 -2.77253866 -3.97279716 -4.77493858
6.0905652 6.84915304 -0.587658286 1.15053177 -3.01461434
3.94578075 4.50898886 -1.39336526 -2.70786786 -1.59077346
5.12566137 1.21897817 5.64265633 -2.36693907 -4.71555567
2.34700608 -7.77004433 8.54634857 0.288366675 1.63351893
2.00514507 5.79656124 -3.83520842 0.552064776 -0.293150842
2.07549119 6.6220355 -7.59057093 2.19360638 2.00982928
9.10379124 2.90584564 -5.745749 0.234590769 2.34221506
7.95726824 2.1701932 9.94507027 -3.01915598 -3.29512882
9.46009922 5.59003115 -5.0162344 -2.46809745 -4.83633947
8.62934494 2.9377389 -5.06535721 -3.11337948 -1.32223785
2.56905699 2.95936942 -1.67266309 4.28654909 -3.28468943
4.83669281 -0.506122112 -7.47859049 -2.1107688 -1.54626429
4.84726334 4.47703743 -7.23680544 0.456842184 -1.26366496
8.28719997 7.59767437 -7.62561417 0.747029185 -4.00450325
6.16747665 1.32292032 -7.48435974 1.96300685 -0.704994202
5.71775389 -8.23316097 5.78431606 4.17001629 1.73603237
5.37131357 -7.05386877 1.54737234 -1.67599738 3.98445725
4.33135557 6.84839821 4.83955288 1.68098032 0.829513669
9.16649055 -3.06124806 7.44226456 4.13493633 1.74997985
9.25870323 0.728793144 -8.20736313 -1.26765871 -0.30492425
9.31872559 -9.63700104 -1.70736909 3.45863533 -3.09376192
4.20003033 -8.6989193 -3.25050306 1.63558066 -1.10056579
2.53506207 0.634399652 5.71690464 1.19106531 3.90936422
1.9066782 0.807886124 -8.20121574 4.87368774 1.45709991
4.95451069 -5.88547993 7.13764668 0.457091928 -3.55524349
1.65818357 0.702171326 -0.277607441 -1.64619923 0.599019527
8.64936161 0.515249968 -9.55358505 0.108757615 -2.60477233
1.38557601 -9.86591244 5.38639927 1.1610204 -3.92348504
3.0393219 1.2498498 -5.83351278 1.38166428 1.24698341
9.6038084 1.19684577 7.96871901 3.38399529 3.06629419
8.62870789 -0.14402926 6.25766993 -2.22628236 -4.49460649
6.80895519 -5.9430604 2.11356044 2.56349754 2.73059082
2.97515917 2.61609077 -5.32581377 -2.791188 2.67101407
8.49019337 -4.90687799 6.17689371 -3.66267347 -1.49537861
1.28884447 7.49079609 -7.19354534 0.549733639 -0.652168989
8.41989708 1.16214871 5.64998865 -2.16417551 -2.83459854
